0	130	110	100	100	150	130	120	180	140	170	160	130	100	180	150	100	180	110	170	120	120	120	190	170	180	180	110	140	140
130	0	100	110	130	130	120	170	140	100	170	100	140	150	130	160	170	130	130	190	170	180	190	190	120	190	180	180	190	160
110	100	0	110	110	140	110	140	140	130	170	120	130	160	150	120	120	110	180	110	110	120	110	180	190	160	150	100	110	190
100	110	110	0	140	190	150	190	170	120	130	110	100	150	190	130	110	170	190	150	140	180	110	190	110	120	170	180	100	140
100	130	110	140	0	180	130	190	110	130	150	180	110	110	190	120	130	120	110	120	190	160	130	170	110	160	120	140	130	110
150	130	140	190	180	0	150	150	190	120	140	120	190	130	120	100	130	100	110	130	120	190	170	130	170	160	150	110	160	140
130	120	110	150	130	150	0	150	190	110	100	150	140	160	170	150	120	120	140	170	130	160	190	120	170	110	120	100	110	140
120	170	140	190	190	150	150	0	140	160	120	160	110	170	140	170	100	110	130	190	120	140	160	130	110	180	160	150	100	110
180	140	140	170	110	190	190	140	0	170	180	130	170	170	150	100	130	110	160	130	100	180	140	190	100	110	130	190	140	180
140	100	130	120	130	120	110	160	170	0	150	180	100	190	160	130	100	180	140	180	150	180	150	140	130	180	130	190	110	180
170	170	170	130	150	140	100	120	180	150	0	160	150	190	130	140	180	150	140	150	110	160	140	180	130	170	170	140	180	170
160	100	120	110	180	120	150	160	130	180	160	0	150	130	110	100	190	180	110	100	140	180	110	130	130	140	140	170	150	130
130	140	130	100	110	190	140	110	170	100	150	150	0	120	100	100	180	110	190	150	140	110	140	180	120	100	190	150	190	130
100	150	160	150	110	130	160	170	170	190	190	130	120	0	170	190	100	110	180	160	130	110	170	100	130	130	180	180	140	130
180	130	150	190	190	120	170	140	150	160	130	110	100	170	0	160	160	160	190	150	140	120	170	180	130	140	110	170	180	180
150	160	120	130	120	100	150	170	100	130	140	100	100	190	160	0	120	110	110	150	110	110	180	160	120	140	190	120	160	110
100	170	120	110	130	130	120	100	130	100	180	190	180	100	160	120	0	140	120	110	180	110	160	100	120	160	120	170	170	130
180	130	110	170	120	100	120	110	110	180	150	180	110	110	160	110	140	0	130	100	170	130	160	140	190	130	160	190	150	100
110	130	180	190	110	110	140	130	160	140	140	110	190	180	190	110	120	130	0	140	120	120	110	110	100	160	150	140	160	130
170	190	110	150	120	130	170	190	130	180	150	100	150	160	150	150	110	100	140	0	150	160	130	170	150	100	170	160	160	140
120	170	110	140	190	120	130	120	100	150	110	140	140	130	140	110	180	170	120	150	0	120	160	160	180	190	110	130	160	120
120	180	120	180	160	190	160	140	180	180	160	180	110	110	120	110	110	130	120	160	120	0	130	190	120	130	130	150	170	170
120	190	110	110	130	170	190	160	140	150	140	110	140	170	170	180	160	160	110	130	160	130	0	190	130	150	180	120	120	190
190	190	180	190	170	130	120	130	190	140	180	130	180	100	180	160	100	140	110	170	160	190	190	0	150	100	130	140	150	110
170	120	190	110	110	170	170	110	100	130	130	130	120	130	130	120	120	190	100	150	180	120	130	150	0	110	160	100	130	160
180	190	160	120	160	160	110	180	110	180	170	140	100	130	140	140	160	130	160	100	190	130	150	100	110	0	180	180	160	100
180	180	150	170	120	150	120	160	130	130	170	140	190	180	110	190	120	160	150	170	110	130	180	130	160	180	0	120	120	170
110	180	100	180	140	110	100	150	190	190	140	170	150	180	170	120	170	190	140	160	130	150	120	140	100	180	120	0	100	150
140	190	110	100	130	160	110	100	140	110	180	150	190	140	180	160	170	150	160	160	160	170	120	150	130	160	120	100	0	110
140	160	190	140	110	140	140	110	180	180	170	130	130	130	180	110	130	100	130	140	120	170	190	110	160	100	170	150	110	0
