0	160	130	140	140	170	150	160	180	100	130	100	120	190	170	180	160	170	170	170
160	0	130	150	150	130	130	100	140	140	110	100	130	170	140	190	120	100	140	120
130	130	0	180	160	100	160	170	110	160	140	110	110	120	140	120	130	110	110	150
140	150	180	0	100	120	180	150	190	160	100	190	110	130	150	100	110	170	110	190
140	150	160	100	0	140	130	190	110	190	140	160	170	100	170	100	160	110	150	190
170	130	100	120	140	0	150	130	150	140	110	160	100	140	170	100	170	110	110	170
150	130	160	180	130	150	0	170	160	130	150	140	100	170	120	120	120	180	130	110
160	100	170	150	190	130	170	0	160	170	110	110	100	160	170	130	190	100	120	130
180	140	110	190	110	150	160	160	0	170	150	150	110	160	180	120	140	180	140	130
100	140	160	160	190	140	130	170	170	0	130	180	110	130	100	100	110	190	150	160
130	110	140	100	140	110	150	110	150	130	0	120	130	170	160	100	110	100	190	120
100	100	110	190	160	160	140	110	150	180	120	0	150	150	120	120	110	180	120	110
120	130	110	110	170	100	100	100	110	110	130	150	0	190	140	150	180	130	110	180
190	170	120	130	100	140	170	160	160	130	170	150	190	0	190	140	100	120	190	130
170	140	140	150	170	170	120	170	180	100	160	120	140	190	0	100	130	110	110	120
180	190	120	100	100	100	120	130	120	100	100	120	150	140	100	0	100	120	120	170
160	120	130	110	160	170	120	190	140	110	110	110	180	100	130	100	0	150	110	170
170	100	110	170	110	110	180	100	180	190	100	180	130	120	110	120	150	0	130	130
170	140	110	110	150	110	130	120	140	150	190	120	110	190	110	120	110	130	0	130
170	120	150	190	190	170	110	130	130	160	120	110	180	130	120	170	170	130	130	0
