0	100	110	130	100	110	140	100	160	180	160	190	120	190	150	190	170	160	180	140	190	110	100	120	160	100	100	190	180	140	100	180	120	130	150	130	150	110	110	150	150	100	150	190	100	130	190	140	170	150	110	150	130	180	140	150	170	130	110	150	100	130	190	170	180	160	180	140	170	160	100	120	150	120	100	190	140	170	140	150	180	160	190	110	150	100	130	180	170	170	150	140	180	160	100	160	140	110	150	100
100	0	180	170	170	100	100	100	160	130	180	100	160	120	120	190	150	120	170	100	120	190	170	100	160	160	110	190	180	140	150	140	110	180	170	130	180	140	140	100	150	140	160	180	130	190	180	120	140	170	160	150	120	180	170	140	150	180	100	110	180	140	180	130	180	190	160	160	120	140	100	140	150	140	100	150	110	110	140	190	180	110	100	160	190	180	170	160	170	100	150	110	160	190	190	140	180	180	170	130
110	180	0	180	170	100	120	170	130	180	190	180	140	140	100	170	180	130	120	100	170	160	140	150	130	180	110	180	110	170	140	170	170	140	150	140	180	180	150	170	120	140	110	170	120	130	100	100	140	150	110	140	110	130	160	160	150	100	160	170	100	180	130	100	180	110	110	140	130	130	150	170	150	120	180	130	100	180	190	100	190	100	140	150	160	150	120	150	180	100	170	100	150	130	150	140	150	140	160	130
130	170	180	0	190	150	140	190	140	160	140	180	110	120	150	190	150	120	170	110	140	130	160	140	190	120	130	160	160	120	180	130	170	110	140	160	110	150	110	140	110	110	190	140	150	120	180	130	130	190	140	150	150	120	140	170	110	110	190	150	110	100	140	170	190	100	120	140	190	160	180	170	110	180	130	190	110	120	120	140	120	170	170	140	170	130	150	130	130	120	180	130	100	120	170	190	180	110	100	150
100	170	170	190	0	160	130	100	100	130	110	150	190	180	170	140	150	170	180	120	140	140	120	130	170	140	150	190	190	130	130	110	160	100	160	120	150	190	120	150	180	110	190	100	180	170	130	100	170	120	180	100	100	160	130	100	170	170	150	140	140	120	170	130	140	130	130	100	170	100	170	190	130	110	120	160	190	170	190	190	100	110	110	170	100	150	130	140	130	110	160	120	150	130	120	150	110	130	150	160
110	100	100	150	160	0	180	140	170	140	150	110	110	130	110	160	100	100	160	140	140	170	140	110	160	190	140	170	110	120	160	100	190	110	110	120	120	190	120	140	130	190	150	150	120	160	120	160	110	120	190	100	170	140	100	140	190	120	160	100	100	190	170	110	130	120	190	190	190	130	160	180	140	180	120	110	100	150	100	160	160	190	160	100	130	110	160	160	100	150	190	190	160	140	150	140	180	100	180	130
140	100	120	140	130	180	0	160	130	190	110	130	120	120	100	190	190	100	190	140	140	120	170	140	160	160	130	120	160	100	170	190	150	100	110	120	120	160	170	120	100	190	160	100	150	130	150	170	170	130	120	100	170	130	170	190	120	120	160	190	170	120	110	190	150	130	180	100	160	190	110	190	100	120	150	110	130	120	180	160	150	160	160	110	170	180	160	180	100	100	150	120	160	170	180	140	150	190	170	130
100	100	170	190	100	140	160	0	120	190	130	120	160	170	190	190	150	150	110	140	120	130	170	110	110	190	120	110	150	120	100	120	150	150	120	100	130	160	140	140	120	150	110	100	130	150	150	190	150	140	180	110	130	160	160	160	150	140	160	180	100	110	100	100	190	110	170	170	160	110	160	190	110	140	120	190	120	100	180	140	130	120	120	190	170	120	190	190	160	140	140	170	120	110	160	170	140	190	140	150
160	160	130	140	100	170	130	120	0	160	120	170	110	130	160	170	150	140	180	190	100	110	140	130	160	150	180	150	170	110	110	120	100	150	110	150	140	120	180	110	140	180	100	190	100	190	170	170	160	180	160	160	100	130	140	130	180	140	140	110	170	140	100	110	130	180	160	110	160	150	120	190	130	180	110	190	130	180	120	120	140	130	190	110	140	130	160	190	180	130	170	130	100	190	140	110	140	160	180	130
180	130	180	160	130	140	190	190	160	0	160	190	170	160	100	190	140	140	140	150	180	180	130	170	150	170	150	190	110	150	140	160	110	110	160	180	120	140	130	170	190	160	130	190	180	180	100	160	120	140	140	160	190	130	170	150	110	170	150	140	130	130	170	100	160	110	150	150	170	100	160	180	120	180	100	110	100	170	150	150	150	140	100	180	110	100	120	140	160	140	170	180	100	150	170	100	180	110	120	110
160	180	190	140	110	150	110	130	120	160	0	120	140	130	150	140	100	140	150	150	130	180	110	160	190	110	150	130	110	120	130	120	170	160	110	150	100	170	160	110	170	160	180	170	150	100	100	140	130	170	170	190	190	150	170	150	100	130	170	130	100	160	110	170	160	110	160	110	180	150	150	190	110	160	100	120	140	110	180	160	150	160	130	130	120	110	160	150	180	120	120	150	120	100	120	120	170	150	160	160
190	100	180	180	150	110	130	120	170	190	120	0	190	100	170	130	170	120	190	130	110	130	160	100	130	170	180	110	120	110	150	160	130	100	120	140	170	130	150	180	190	130	170	180	100	130	100	120	110	110	160	180	170	180	100	110	140	170	100	130	170	110	180	180	150	130	130	170	190	150	190	120	190	160	140	100	150	100	110	130	110	120	170	130	110	170	140	180	100	160	130	160	190	180	140	130	130	120	100	100
120	160	140	110	190	110	120	160	110	170	140	190	0	130	110	150	100	160	110	130	100	130	100	150	180	190	140	120	100	150	110	160	170	140	110	170	110	120	170	120	170	110	160	150	170	170	190	100	180	190	170	120	170	160	160	160	190	110	110	130	160	110	180	190	160	130	150	180	120	170	100	130	100	170	160	100	110	170	150	180	110	100	180	160	150	100	100	160	120	170	160	100	170	180	150	120	130	140	190	170
190	120	140	120	180	130	120	170	130	160	130	100	130	0	190	180	150	140	120	110	110	100	140	160	110	100	180	100	150	190	100	150	180	110	180	150	130	170	190	150	130	110	160	110	160	100	150	100	120	140	190	120	120	160	190	100	190	130	170	180	100	120	150	190	190	180	110	170	110	140	160	110	140	120	130	130	130	130	140	150	110	100	190	110	110	100	120	170	150	120	120	140	120	120	150	190	180	160	150	160
150	120	100	150	170	110	100	190	160	100	150	170	110	190	0	130	160	150	170	180	100	130	150	170	120	180	130	110	160	150	110	130	110	110	130	190	100	100	130	150	140	160	140	190	130	180	140	190	130	170	100	110	170	170	190	130	170	120	120	150	150	130	160	120	130	130	140	130	150	180	120	100	190	100	100	190	130	170	170	130	190	120	190	170	110	110	160	140	180	130	180	130	180	100	190	160	190	120	130	190
190	190	170	190	140	160	190	190	170	190	140	130	150	180	130	0	180	170	150	150	130	120	160	150	130	100	160	120	130	170	120	100	120	150	130	150	120	110	190	120	190	170	190	140	130	130	130	190	160	190	150	100	170	160	170	170	130	170	120	120	150	160	130	180	150	110	140	170	150	160	170	150	150	100	180	160	180	190	140	150	120	100	190	100	150	130	180	140	150	150	100	110	120	130	170	180	120	170	180	190
170	150	180	150	150	100	190	150	150	140	100	170	100	150	160	180	0	130	190	150	120	180	180	170	100	110	180	180	130	190	170	190	170	190	110	170	120	140	150	120	160	150	130	120	130	100	190	100	140	160	140	180	160	140	150	130	130	180	160	190	110	140	170	120	170	130	100	180	160	100	140	170	100	160	150	130	190	140	100	180	180	100	100	190	170	140	110	180	160	130	130	100	110	170	120	110	110	160	190	170
160	120	130	120	170	100	100	150	140	140	140	120	160	140	150	170	130	0	140	120	170	140	120	130	170	120	130	110	120	130	160	140	140	170	110	110	120	110	100	170	100	170	100	190	130	160	100	140	110	170	150	100	110	150	100	150	170	110	150	190	180	120	100	160	100	100	120	170	120	110	120	130	160	180	180	130	130	120	170	100	160	150	170	130	150	110	190	120	160	150	120	130	170	110	120	140	140	120	100	110
180	170	120	170	180	160	190	110	180	140	150	190	110	120	170	150	190	140	0	130	180	110	110	130	180	120	170	160	140	150	190	160	140	160	160	140	130	160	140	180	100	160	110	170	190	170	180	140	170	110	140	100	110	120	100	110	150	150	110	140	190	160	100	160	140	180	130	160	160	140	170	170	140	140	150	110	170	110	100	130	190	190	190	160	170	170	140	100	170	110	100	180	170	190	120	160	100	130	110	100
140	100	100	110	120	140	140	140	190	150	150	130	130	110	180	150	150	120	130	0	160	100	110	140	190	120	110	170	120	100	180	170	160	100	190	100	120	150	180	190	160	170	140	190	160	100	190	120	130	150	110	100	130	190	120	160	170	120	110	170	170	170	170	100	100	140	190	160	130	160	100	130	170	140	120	170	180	120	120	170	130	140	100	190	120	130	140	130	150	180	140	150	120	150	150	120	180	110	150	160
190	120	170	140	140	140	140	120	100	180	130	110	100	110	100	130	120	170	180	160	0	170	130	150	140	160	160	150	120	120	170	130	140	100	100	130	120	170	160	100	130	140	100	100	170	110	150	120	110	100	110	160	140	150	120	160	170	190	170	160	150	180	100	120	130	140	150	190	110	140	140	140	160	130	140	100	150	190	140	190	190	180	140	150	190	150	100	190	120	130	130	140	170	160	110	160	180	110	140	110
110	190	160	130	140	170	120	130	110	180	180	130	130	100	130	120	180	140	110	100	170	0	170	190	150	140	170	170	140	150	130	190	130	170	110	130	160	130	100	150	150	140	150	160	140	150	120	190	190	170	180	180	130	190	110	190	160	130	150	190	140	100	190	100	190	160	130	180	170	170	180	150	100	120	130	110	190	140	110	140	100	140	110	190	150	160	190	170	140	110	160	100	100	160	110	110	120	130	150	140
100	170	140	160	120	140	170	170	140	130	110	160	100	140	150	160	180	120	110	110	130	170	0	160	160	110	180	130	190	180	160	190	140	170	160	170	100	190	190	180	110	110	160	140	110	190	110	140	130	100	160	110	160	170	130	150	160	190	100	110	170	110	190	120	110	160	120	190	110	150	120	120	180	160	100	160	110	120	180	120	100	120	130	140	150	160	180	110	140	100	150	130	100	140	180	110	180	140	180	190
120	100	150	140	130	110	140	110	130	170	160	100	150	160	170	150	170	130	130	140	150	190	160	0	110	140	180	120	180	120	180	180	150	110	150	110	180	100	170	120	170	150	140	110	170	120	120	120	140	130	130	170	110	120	160	140	110	140	160	180	170	160	150	170	190	190	130	170	120	110	130	170	100	120	130	150	150	170	160	110	150	150	150	120	110	130	150	110	150	110	180	120	100	110	110	110	180	180	120	150
160	160	130	190	170	160	160	110	160	150	190	130	180	110	120	130	100	170	180	190	140	150	160	110	0	190	170	140	180	150	100	140	160	140	140	120	190	150	110	180	130	100	100	190	190	150	140	120	160	130	150	170	130	100	110	160	130	130	100	190	110	110	110	160	190	170	160	170	110	170	190	170	100	160	190	140	170	190	110	180	150	160	130	100	140	140	120	120	160	170	190	180	150	180	130	120	100	100	110	190
100	160	180	120	140	190	160	190	150	170	110	170	190	100	180	100	110	120	120	120	160	140	110	140	190	0	190	170	150	180	100	120	180	100	120	110	170	150	160	100	110	130	100	160	170	150	160	120	190	180	140	140	130	180	130	180	150	150	160	110	120	170	110	100	120	140	160	130	180	150	170	150	180	100	170	180	130	120	130	130	140	100	130	140	180	180	120	100	110	110	160	140	140	190	180	130	180	150	110	160
100	110	110	130	150	140	130	120	180	150	150	180	140	180	130	160	180	130	170	110	160	170	180	180	170	190	0	140	100	140	190	150	150	180	170	130	110	130	130	170	120	170	180	180	190	130	100	140	100	160	170	100	140	130	130	120	140	160	120	100	110	120	150	160	140	140	170	130	110	170	100	190	110	110	140	130	190	100	110	110	130	170	100	100	100	140	180	160	130	110	130	150	160	100	100	110	160	180	180	170
190	190	180	160	190	170	120	110	150	190	130	110	120	100	110	120	180	110	160	170	150	170	130	120	140	170	140	0	160	100	130	180	120	160	180	140	100	150	160	180	180	140	120	180	170	150	140	130	150	190	170	110	190	180	160	150	130	190	140	100	170	120	190	140	170	150	120	150	140	190	120	130	140	190	130	170	100	160	100	180	190	190	180	140	180	140	110	150	190	120	150	140	100	130	150	180	160	170	160	160
180	180	110	160	190	110	160	150	170	110	110	120	100	150	160	130	130	120	140	120	120	140	190	180	180	150	100	160	0	170	150	160	190	120	130	110	160	130	130	160	120	190	150	190	170	160	180	160	110	130	120	170	190	110	120	180	110	180	130	190	160	190	150	110	170	130	110	150	110	160	160	170	170	140	180	100	180	160	190	110	160	140	150	100	180	130	120	180	150	130	140	150	100	180	140	160	110	190	120	110
140	140	170	120	130	120	100	120	110	150	120	110	150	190	150	170	190	130	150	100	120	150	180	120	150	180	140	100	170	0	140	100	140	160	110	170	140	150	180	170	110	100	170	130	150	110	100	140	170	180	110	180	160	120	140	110	180	130	130	170	190	190	160	190	130	180	130	140	120	160	110	130	170	120	120	180	190	120	110	160	140	150	190	150	100	140	180	190	190	130	180	120	150	190	130	130	100	150	140	160
100	150	140	180	130	160	170	100	110	140	130	150	110	100	110	120	170	160	190	180	170	130	160	180	100	100	190	130	150	140	0	150	190	190	100	110	150	150	120	190	150	170	170	120	140	110	160	160	110	180	130	180	190	170	180	170	190	150	130	190	140	100	160	140	100	170	100	160	180	110	180	140	140	150	160	190	160	170	180	170	180	190	160	110	140	160	100	140	190	150	130	160	140	100	160	120	160	110	100	140
180	140	170	130	110	100	190	120	120	160	120	160	160	150	130	100	190	140	160	170	130	190	190	180	140	120	150	180	160	100	150	0	110	130	140	140	190	190	120	120	120	110	140	130	110	100	160	130	170	160	110	150	130	120	110	100	120	110	170	140	170	140	150	110	130	170	170	180	150	190	100	110	190	110	100	190	100	190	110	120	160	180	190	110	180	160	160	170	130	170	180	130	170	130	180	170	150	110	100	160
120	110	170	170	160	190	150	150	100	110	170	130	170	180	110	120	170	140	140	160	140	130	140	150	160	180	150	120	190	140	190	110	0	160	130	160	170	190	110	170	120	110	140	130	120	100	100	190	170	100	130	160	160	140	100	100	170	140	140	150	180	150	160	180	150	140	150	190	160	130	150	120	150	140	180	100	130	120	110	140	100	130	160	110	180	140	170	190	140	100	190	180	160	100	130	150	140	110	130	160
130	180	140	110	100	110	100	150	150	110	160	100	140	110	110	150	190	170	160	100	100	170	170	110	140	100	180	160	120	160	190	130	160	0	150	120	130	170	180	170	160	180	130	130	190	130	150	130	110	130	170	130	150	180	130	160	140	190	190	150	150	170	180	150	170	150	180	180	160	190	150	170	180	170	140	160	160	180	120	190	180	130	190	180	100	100	180	140	100	190	190	170	100	130	120	190	150	100	190	180
150	170	150	140	160	110	110	120	110	160	110	120	110	180	130	130	110	110	160	190	100	110	160	150	140	120	170	180	130	110	100	140	130	150	0	120	130	130	120	160	180	100	190	120	170	100	190	120	100	120	160	120	190	190	100	180	100	160	130	160	170	190	110	150	110	100	170	140	160	170	120	120	150	190	190	110	100	150	190	180	110	120	150	120	140	150	140	180	120	180	100	110	110	100	130	130	120	110	180	130
130	130	140	160	120	120	120	100	150	180	150	140	170	150	190	150	170	110	140	100	130	130	170	110	120	110	130	140	110	170	110	140	160	120	120	0	130	100	120	110	160	170	150	150	120	140	170	120	100	150	160	190	190	180	120	140	180	190	170	170	170	180	130	110	160	140	180	130	120	190	170	140	180	130	160	150	130	150	170	140	160	170	170	110	130	130	170	180	180	120	180	120	180	140	190	140	190	130	140	130
150	180	180	110	150	120	120	130	140	120	100	170	110	130	100	120	120	120	130	120	120	160	100	180	190	170	110	100	160	140	150	190	170	130	130	130	0	190	100	130	150	120	110	170	140	170	150	180	170	140	120	160	110	110	130	150	170	140	170	180	150	170	150	100	120	140	180	130	170	150	170	130	100	190	140	120	100	190	170	150	190	160	120	180	140	140	170	150	160	140	170	100	120	150	140	160	170	170	150	110
110	140	180	150	190	190	160	160	120	140	170	130	120	170	100	110	140	110	160	150	170	130	190	100	150	150	130	150	130	150	150	190	190	170	130	100	190	0	110	130	110	150	160	150	100	100	150	100	180	160	110	180	180	180	100	150	100	180	190	190	160	140	160	120	150	190	160	100	130	130	150	160	170	110	180	190	120	140	100	190	150	100	150	160	170	160	130	120	130	170	190	150	190	190	100	150	190	170	120	140
110	140	150	110	120	120	170	140	180	130	160	150	170	190	130	190	150	100	140	180	160	100	190	170	110	160	130	160	130	180	120	120	110	180	120	120	100	110	0	120	180	150	170	180	120	160	160	180	130	120	170	110	180	110	120	170	100	120	120	110	160	140	100	120	190	120	130	100	160	110	150	170	190	150	120	160	100	100	120	150	180	140	120	110	120	140	110	190	100	140	190	110	160	140	110	130	130	140	100	150
150	100	170	140	150	140	120	140	110	170	110	180	120	150	150	120	120	170	180	190	100	150	180	120	180	100	170	180	160	170	190	120	170	170	160	110	130	130	120	0	100	190	130	140	130	140	140	180	160	140	120	100	150	140	140	160	110	150	100	110	190	140	100	160	170	180	140	180	110	110	170	180	120	140	100	180	140	190	170	110	150	130	110	190	130	140	120	170	180	160	170	160	140	120	120	190	140	160	160	140
150	150	120	110	180	130	100	120	140	190	170	190	170	130	140	190	160	100	100	160	130	150	110	170	130	110	120	180	120	110	150	120	120	160	180	160	150	110	180	100	0	190	180	170	120	140	170	130	190	170	100	140	180	100	140	140	160	180	110	170	110	190	150	120	160	170	100	130	150	100	190	170	160	100	130	160	170	120	130	100	140	150	170	140	190	140	190	170	150	120	140	120	110	120	190	170	120	180	190	160
100	140	140	110	110	190	190	150	180	160	160	130	110	110	160	170	150	170	160	170	140	140	110	150	100	130	170	140	190	100	170	110	110	180	100	170	120	150	150	190	190	0	110	150	150	150	120	120	110	170	190	100	120	110	120	130	100	150	160	150	180	160	120	110	130	100	170	130	160	160	100	190	120	100	100	120	140	160	100	160	110	110	170	140	120	130	110	100	130	190	160	140	170	140	130	130	170	170	180	160
150	160	110	190	190	150	160	110	100	130	180	170	160	160	140	190	130	100	110	140	100	150	160	140	100	100	180	120	150	170	170	140	140	130	190	150	110	160	170	130	180	110	0	170	160	160	110	110	120	140	160	190	160	150	140	130	170	160	150	100	140	190	140	160	120	110	110	190	170	120	110	140	180	180	120	120	150	120	170	120	140	140	190	170	180	180	160	170	130	150	150	160	160	180	100	180	100	110	100	150
190	180	170	140	100	150	100	100	190	190	170	180	150	110	190	140	120	190	170	190	100	160	140	110	190	160	180	180	190	130	120	130	130	130	120	150	170	150	180	140	170	150	170	0	150	100	110	190	100	140	130	170	190	160	190	140	190	180	130	140	110	170	130	180	100	190	120	100	180	120	170	140	160	100	190	130	180	140	100	190	130	100	190	150	110	120	170	180	120	150	150	180	110	100	170	110	110	190	180	120
100	130	120	150	180	120	150	130	100	180	150	100	170	160	130	130	130	130	190	160	170	140	110	170	190	170	190	170	170	150	140	110	120	190	170	120	140	100	120	130	120	150	160	150	0	140	130	120	120	110	120	140	140	140	140	110	120	100	110	140	170	180	140	140	130	130	130	160	120	110	130	150	120	140	120	150	160	120	190	160	120	140	120	120	180	110	150	140	120	170	110	110	190	190	180	100	150	130	190	140
130	190	130	120	170	160	130	150	190	180	100	130	170	100	180	130	100	160	170	100	110	150	190	120	150	150	130	150	160	110	110	100	100	130	100	140	170	100	160	140	140	150	160	100	140	0	140	160	130	150	160	140	100	180	120	190	120	140	100	150	120	170	190	170	120	120	180	170	160	120	190	160	140	140	100	190	140	140	180	170	180	130	120	170	170	130	140	190	120	140	160	110	140	170	180	150	190	170	170	190
190	180	100	180	130	120	150	150	170	100	100	100	190	150	140	130	190	100	180	190	150	120	110	120	140	160	100	140	180	100	160	160	100	150	190	170	150	150	160	140	170	120	110	110	130	140	0	190	140	140	180	120	190	170	170	190	160	110	120	130	170	100	100	120	190	170	140	180	110	160	130	110	180	150	140	150	110	150	110	120	120	180	100	190	170	110	100	130	110	160	130	160	180	160	140	150	170	160	160	190
140	120	100	130	100	160	170	190	170	160	140	120	100	100	190	190	100	140	140	120	120	190	140	120	120	120	140	130	160	140	160	130	190	130	120	120	180	100	180	180	130	120	110	190	120	160	190	0	160	170	180	130	160	130	170	160	110	190	130	190	190	190	100	170	110	160	110	150	170	130	160	180	140	150	120	150	140	140	160	150	110	130	180	130	120	120	110	140	120	150	190	150	120	180	180	190	160	190	170	180
170	140	140	130	170	110	170	150	160	120	130	110	180	120	130	160	140	110	170	130	110	190	130	140	160	190	100	150	110	170	110	170	170	110	100	100	170	180	130	160	190	110	120	100	120	130	140	160	0	130	160	160	110	140	120	110	160	160	140	140	110	140	190	170	130	160	160	160	130	180	180	130	150	130	120	100	110	150	170	100	170	180	180	120	190	110	130	190	170	160	130	180	190	160	140	170	180	100	140	100
150	170	150	190	120	120	130	140	180	140	170	110	190	140	170	190	160	170	110	150	100	170	100	130	130	180	160	190	130	180	180	160	100	130	120	150	140	160	120	140	170	170	140	140	110	150	140	170	130	0	170	150	110	150	130	110	110	140	100	170	160	100	170	180	140	190	120	120	170	150	180	120	130	190	130	170	160	150	160	100	110	110	150	150	120	160	170	160	130	170	160	130	180	130	110	150	150	110	120	110
110	160	110	140	180	190	120	180	160	140	170	160	170	190	100	150	140	150	140	110	110	180	160	130	150	140	170	170	120	110	130	110	130	170	160	160	120	110	170	120	100	190	160	130	120	160	180	180	160	170	0	150	150	180	110	130	190	160	120	180	170	140	180	110	190	150	180	190	140	100	100	130	110	180	170	160	140	160	140	140	190	130	130	150	120	140	140	170	120	140	120	160	130	110	150	120	100	140	160	150
150	150	140	150	100	100	100	110	160	160	190	180	120	120	110	100	180	100	100	100	160	180	110	170	170	140	100	110	170	180	180	150	160	130	120	190	160	180	110	100	140	100	190	170	140	140	120	130	160	150	150	0	190	140	130	150	190	150	160	150	130	140	180	140	100	110	120	190	150	170	110	170	190	180	160	180	140	160	150	190	160	150	100	110	120	170	180	130	130	170	100	150	120	100	170	110	160	140	120	120
130	120	110	150	100	170	170	130	100	190	190	170	170	120	170	170	160	110	110	130	140	130	160	110	130	130	140	190	190	160	190	130	160	150	190	190	110	180	180	150	180	120	160	190	140	100	190	160	110	110	150	190	0	140	100	190	180	120	100	180	180	110	120	130	120	100	100	120	150	120	180	130	100	170	120	130	120	100	100	100	130	190	140	110	190	120	100	130	140	110	100	150	140	160	120	120	120	180	140	110
180	180	130	120	160	140	130	160	130	130	150	180	160	160	170	160	140	150	120	190	150	190	170	120	100	180	130	180	110	120	170	120	140	180	190	180	110	180	110	140	100	110	150	160	140	180	170	130	140	150	180	140	140	0	100	190	190	170	190	120	180	130	130	100	130	180	130	150	150	190	140	160	120	190	140	190	160	170	140	100	190	190	130	180	110	190	170	160	150	130	140	100	190	110	150	170	150	190	140	100
140	170	160	140	130	100	170	160	140	170	170	100	160	190	190	170	150	100	100	120	120	110	130	160	110	130	130	160	120	140	180	110	100	130	100	120	130	100	120	140	140	120	140	190	140	120	170	170	120	130	110	130	100	100	0	130	190	170	170	110	130	100	140	100	140	120	100	140	150	190	170	130	140	180	140	130	180	170	190	150	110	100	150	170	160	150	170	190	170	130	130	180	110	180	160	160	120	180	170	160
150	140	160	170	100	140	190	160	130	150	150	110	160	100	130	170	130	150	110	160	160	190	150	140	160	180	120	150	180	110	170	100	100	160	180	140	150	150	170	160	140	130	130	140	110	190	190	160	110	110	130	150	190	190	130	0	100	190	150	100	160	110	140	120	130	110	150	120	130	130	150	100	100	130	160	110	100	170	190	180	170	110	140	130	120	160	180	160	170	140	100	190	190	190	140	140	180	100	120	130
170	150	150	110	170	190	120	150	180	110	100	140	190	190	170	130	130	170	150	170	170	160	160	110	130	150	140	130	110	180	190	120	170	140	100	180	170	100	100	110	160	100	170	190	120	120	160	110	160	110	190	190	180	190	190	100	0	150	110	140	110	110	170	140	120	110	150	180	100	160	160	140	170	120	170	150	190	180	100	190	120	110	110	190	140	140	130	110	170	150	140	120	120	150	170	150	160	130	100	180
130	180	100	110	170	120	120	140	140	170	130	170	110	130	120	170	180	110	150	120	190	130	190	140	130	150	160	190	180	130	150	110	140	190	160	190	140	180	120	150	180	150	160	180	100	140	110	190	160	140	160	150	120	170	170	190	150	0	160	100	150	180	130	160	190	110	130	170	170	140	100	130	110	160	160	150	130	130	180	100	150	140	190	100	190	190	160	100	150	120	190	130	140	110	110	150	150	120	150	170
110	100	160	190	150	160	160	160	140	150	170	100	110	170	120	120	160	150	110	110	170	150	100	160	100	160	120	140	130	130	130	170	140	190	130	170	170	190	120	100	110	160	150	130	110	100	120	130	140	100	120	160	100	190	170	150	110	160	0	160	190	100	100	160	150	150	190	150	120	150	160	180	190	130	160	180	190	180	170	140	170	130	150	100	120	110	160	140	190	170	120	170	150	140	180	190	110	140	110	140
150	110	170	150	140	100	190	180	110	140	130	130	130	180	150	120	190	190	140	170	160	190	110	180	190	110	100	100	190	170	190	140	150	150	160	170	180	190	110	110	170	150	100	140	140	150	130	190	140	170	180	150	180	120	110	100	140	100	160	0	100	110	160	150	160	170	100	170	110	150	100	100	150	170	170	110	160	140	190	100	170	140	170	140	120	150	130	140	170	190	130	170	190	120	170	120	110	150	180	160
100	180	100	110	140	100	170	100	170	130	100	170	160	100	150	150	110	180	190	170	150	140	170	170	110	120	110	170	160	190	140	170	180	150	170	170	150	160	160	190	110	180	140	110	170	120	170	190	110	160	170	130	180	180	130	160	110	150	190	100	0	130	100	130	150	170	150	150	100	160	180	130	110	140	100	130	180	180	180	120	190	180	180	100	170	110	110	180	130	180	170	100	170	170	150	100	150	140	140	110
130	140	180	100	120	190	120	110	140	130	160	110	110	120	130	160	140	120	160	170	180	100	110	160	110	170	120	120	190	190	100	140	150	170	190	180	170	140	140	140	190	160	190	170	180	170	100	190	140	100	140	140	110	130	100	110	110	180	100	110	130	0	110	190	180	150	100	110	100	150	180	140	190	150	110	120	140	150	130	170	120	100	180	120	180	120	180	130	160	160	180	140	110	130	160	160	170	190	100	130
190	180	130	140	170	170	110	100	100	170	110	180	180	150	160	130	170	100	100	170	100	190	190	150	110	110	150	190	150	160	160	150	160	180	110	130	150	160	100	100	150	120	140	130	140	190	100	100	190	170	180	180	120	130	140	140	170	130	100	160	100	110	0	130	180	160	120	180	110	110	190	110	110	100	130	130	110	140	110	190	120	140	100	150	170	140	180	110	170	160	160	190	110	150	130	140	140	140	120	110
170	130	100	170	130	110	190	100	110	100	170	180	190	190	120	180	120	160	160	100	120	100	120	170	160	100	160	140	110	190	140	110	180	150	150	110	100	120	120	160	120	110	160	180	140	170	120	170	170	180	110	140	130	100	100	120	140	160	160	150	130	190	130	0	190	150	100	130	170	180	130	140	160	160	190	130	110	120	190	100	180	110	190	120	110	160	110	110	150	120	150	100	160	190	170	100	110	150	160	130
180	180	180	190	140	130	150	190	130	160	160	150	160	190	130	150	170	100	140	100	130	190	110	190	190	120	140	170	170	130	100	130	150	170	110	160	120	150	190	170	160	130	120	100	130	120	190	110	130	140	190	100	120	130	140	130	120	190	150	160	150	180	180	190	0	110	140	140	190	160	180	160	120	170	100	160	150	150	180	160	120	110	160	170	100	170	160	100	100	140	130	130	110	160	180	120	170	100	150	160
160	190	110	100	130	120	130	110	180	110	110	130	130	180	130	110	130	100	180	140	140	160	160	190	170	140	140	150	130	180	170	170	140	150	100	140	140	190	120	180	170	100	110	190	130	120	170	160	160	190	150	110	100	180	120	110	110	110	150	170	170	150	160	150	110	0	100	140	140	180	190	160	100	110	100	140	160	150	160	160	120	120	160	150	170	190	170	160	160	180	160	140	170	150	160	120	160	180	190	110
180	160	110	120	130	190	180	170	160	150	160	130	150	110	140	140	100	120	130	190	150	130	120	130	160	160	170	120	110	130	100	170	150	180	170	180	180	160	130	140	100	170	110	120	130	180	140	110	160	120	180	120	100	130	100	150	150	130	190	100	150	100	120	100	140	100	0	180	190	140	140	130	120	120	180	190	180	190	120	190	120	170	140	110	180	180	140	100	180	180	130	170	110	100	130	110	120	140	180	160
140	160	140	140	100	190	100	170	110	150	110	170	180	170	130	170	180	170	160	160	190	180	190	170	170	130	130	150	150	140	160	180	190	180	140	130	130	100	100	180	130	130	190	100	160	170	180	150	160	120	190	190	120	150	140	120	180	170	150	170	150	110	180	130	140	140	180	0	110	120	150	160	150	100	190	130	130	150	150	130	140	190	150	190	160	180	140	130	130	100	110	120	170	140	130	160	120	110	110	120
170	120	130	190	170	190	160	160	160	170	180	190	120	110	150	150	160	120	160	130	110	170	110	120	110	180	110	140	110	120	180	150	160	160	160	120	170	130	160	110	150	160	170	180	120	160	110	170	130	170	140	150	150	150	150	130	100	170	120	110	100	100	110	170	190	140	190	110	0	150	150	100	130	110	100	120	160	150	120	140	170	170	160	120	180	180	100	110	170	120	160	120	160	120	120	180	110	110	120	150
160	140	130	160	100	130	190	110	150	100	150	150	170	140	180	160	100	110	140	160	140	170	150	110	170	150	170	190	160	160	110	190	130	190	170	190	150	130	110	110	100	160	120	120	110	120	160	130	180	150	100	170	120	190	190	130	160	140	150	150	160	150	110	180	160	180	140	120	150	0	110	100	120	150	100	110	190	190	180	140	170	110	110	100	130	170	140	100	150	130	160	180	150	190	140	140	170	130	160	120
100	100	150	180	170	160	110	160	120	160	150	190	100	160	120	170	140	120	170	100	140	180	120	130	190	170	100	120	160	110	180	100	150	150	120	170	170	150	150	170	190	100	110	170	130	190	130	160	180	180	100	110	180	140	170	150	160	100	160	100	180	180	190	130	180	190	140	150	150	110	0	130	110	130	110	160	120	170	120	130	170	110	180	130	170	170	130	190	170	180	150	100	100	140	150	110	160	110	160	180
120	140	170	170	190	180	190	190	190	180	190	120	130	110	100	150	170	130	170	130	140	150	120	170	170	150	190	130	170	130	140	110	120	170	120	140	130	160	170	180	170	190	140	140	150	160	110	180	130	120	130	170	130	160	130	100	140	130	180	100	130	140	110	140	160	160	130	160	100	100	130	0	160	100	180	140	130	130	130	160	110	110	180	110	110	100	140	190	110	100	140	160	160	180	100	140	110	110	130	190
150	150	150	110	130	140	100	110	130	120	110	190	100	140	190	150	100	160	140	170	160	100	180	100	100	180	110	140	170	170	140	190	150	180	150	180	100	170	190	120	160	120	180	160	120	140	180	140	150	130	110	190	100	120	140	100	170	110	190	150	110	190	110	160	120	100	120	150	130	120	110	160	0	120	120	170	180	150	170	180	150	170	140	100	130	180	150	190	150	170	180	150	190	130	100	150	150	130	180	130
120	140	120	180	110	180	120	140	180	180	160	160	170	120	100	100	160	180	140	140	130	120	160	120	160	100	110	190	140	120	150	110	140	170	190	130	190	110	150	140	100	100	180	100	140	140	150	150	130	190	180	180	170	190	180	130	120	160	130	170	140	150	100	160	170	110	120	100	110	150	130	100	120	0	170	150	170	140	110	100	170	130	180	140	120	130	130	180	180	160	120	190	170	170	120	180	130	140	180	150
100	100	180	130	120	120	150	120	110	100	100	140	160	130	100	180	150	180	150	120	140	130	100	130	190	170	140	130	180	120	160	100	180	140	190	160	140	180	120	100	130	100	120	190	120	100	140	120	120	130	170	160	120	140	140	160	170	160	160	170	100	110	130	190	100	100	180	190	100	100	110	180	120	170	0	160	110	170	170	160	190	100	100	140	160	100	190	100	110	190	130	190	180	120	160	100	130	100	190	170
190	150	130	190	160	110	110	190	190	110	120	100	100	130	190	160	130	130	110	170	100	110	160	150	140	180	130	170	100	180	190	190	100	160	110	150	120	190	160	180	160	120	120	130	150	190	150	150	100	170	160	180	130	190	130	110	150	150	180	110	130	120	130	130	160	140	190	130	120	110	160	140	170	150	160	0	170	160	170	170	140	140	120	190	190	160	180	120	170	150	190	110	180	180	140	160	180	120	150	100
140	110	100	110	190	100	130	120	130	100	140	150	110	130	130	180	190	130	170	180	150	190	110	150	170	130	190	100	180	190	160	100	130	160	100	130	100	120	100	140	170	140	150	180	160	140	110	140	110	160	140	140	120	160	180	100	190	130	190	160	180	140	110	110	150	160	180	130	160	190	120	130	180	170	110	170	0	110	130	180	170	170	180	160	100	140	150	190	130	130	100	100	190	100	130	110	160	110	100	180
170	110	180	120	170	150	120	100	180	170	110	100	170	130	170	190	140	120	110	120	190	140	120	170	190	120	100	160	160	120	170	190	120	180	150	150	190	140	100	190	120	160	120	140	120	140	150	140	150	150	160	160	100	170	170	170	180	130	180	140	180	150	140	120	150	150	190	150	150	190	170	130	150	140	170	160	110	0	160	130	150	170	150	140	140	160	140	160	100	150	150	190	130	100	180	130	150	170	160	110
140	140	190	120	190	100	180	180	120	150	180	110	150	140	170	140	100	170	100	120	140	110	180	160	110	130	110	100	190	110	180	110	110	120	190	170	170	100	120	170	130	100	170	100	190	180	110	160	170	160	140	150	100	140	190	190	100	180	170	190	180	130	110	190	180	160	120	150	120	180	120	130	170	110	170	170	130	160	0	100	170	160	120	120	110	140	140	160	170	150	110	110	130	180	100	120	140	110	180	180
150	190	100	140	190	160	160	140	120	150	160	130	180	150	130	150	180	100	130	170	190	140	120	110	180	130	110	180	110	160	170	120	140	190	180	140	150	190	150	110	100	160	120	190	160	170	120	150	100	100	140	190	100	100	150	180	190	100	140	100	120	170	190	100	160	160	190	130	140	140	130	160	180	100	160	170	180	130	100	0	130	100	120	100	190	170	140	160	130	130	170	170	190	100	190	110	130	160	130	190
180	180	190	120	100	160	150	130	140	150	150	110	110	110	190	120	180	160	190	130	190	100	100	150	150	140	130	190	160	140	180	160	100	180	110	160	190	150	180	150	140	110	140	130	120	180	120	110	170	110	190	160	130	190	110	170	120	150	170	170	190	120	120	180	120	120	120	140	170	170	170	110	150	170	190	140	170	150	170	130	0	180	170	130	180	170	140	110	110	130	140	140	110	150	190	160	160	110	190	130
160	110	100	170	110	190	160	120	130	140	160	120	100	100	120	100	100	150	190	140	180	140	120	150	160	100	170	190	140	150	190	180	130	130	120	170	160	100	140	130	150	110	140	100	140	130	180	130	180	110	130	150	190	190	100	110	110	140	130	140	180	100	140	110	110	120	170	190	170	110	110	110	170	130	100	140	170	170	160	100	180	0	160	120	180	170	120	140	160	110	160	180	160	150	190	120	100	180	100	140
190	100	140	170	110	160	160	120	190	100	130	170	180	190	190	190	100	170	190	100	140	110	130	150	130	130	100	180	150	190	160	190	160	190	150	170	120	150	120	110	170	170	190	190	120	120	100	180	180	150	130	100	140	130	150	140	110	190	150	170	180	180	100	190	160	160	140	150	160	110	180	180	140	180	100	120	180	150	120	120	170	160	0	170	190	160	110	180	160	110	130	190	180	190	110	120	180	130	140	130
110	160	150	140	170	100	110	190	110	180	130	130	160	110	170	100	190	130	160	190	150	190	140	120	100	140	100	140	100	150	110	110	110	180	120	110	180	160	110	190	140	140	170	150	120	170	190	130	120	150	150	110	110	180	170	130	190	100	100	140	100	120	150	120	170	150	110	190	120	100	130	110	100	140	140	190	160	140	120	100	130	120	170	0	110	160	140	170	180	100	150	170	170	190	170	100	190	190	110	140
150	190	160	170	100	130	170	170	140	110	120	110	150	110	110	150	170	150	170	120	190	150	150	110	140	180	100	180	180	100	140	180	180	100	140	130	140	170	120	130	190	120	180	110	180	170	170	120	190	120	120	120	190	110	160	120	140	190	120	120	170	180	170	110	100	170	180	160	180	130	170	110	130	120	160	190	100	140	110	190	180	180	190	110	0	110	170	100	100	110	180	190	140	100	100	170	140	190	110	130
100	180	150	130	150	110	180	120	130	100	110	170	100	100	110	130	140	110	170	130	150	160	160	130	140	180	140	140	130	140	160	160	140	100	150	130	140	160	140	140	140	130	180	120	110	130	110	120	110	160	140	170	120	190	150	160	140	190	110	150	110	120	140	160	170	190	180	180	180	170	170	100	180	130	100	160	140	160	140	170	170	170	160	160	110	0	170	130	180	190	110	170	110	190	150	190	120	150	190	160
130	170	120	150	130	160	160	190	160	120	160	140	100	120	160	180	110	190	140	140	100	190	180	150	120	120	180	110	120	180	100	160	170	180	140	170	170	130	110	120	190	110	160	170	150	140	100	110	130	170	140	180	100	170	170	180	130	160	160	130	110	180	180	110	160	170	140	140	100	140	130	140	150	130	190	180	150	140	140	140	140	120	110	140	170	170	0	190	140	190	120	130	190	130	100	110	130	100	170	150
180	160	150	130	140	160	180	190	190	140	150	180	160	170	140	140	180	120	100	130	190	170	110	110	120	100	160	150	180	190	140	170	190	140	180	180	150	120	190	170	170	100	170	180	140	190	130	140	190	160	170	130	130	160	190	160	110	100	140	140	180	130	110	110	100	160	100	130	110	100	190	190	190	180	100	120	190	160	160	160	110	140	180	170	100	130	190	0	150	150	130	140	130	130	140	130	180	140	130	140
170	170	180	130	130	100	100	160	180	160	180	100	120	150	180	150	160	160	170	150	120	140	140	150	160	110	130	190	150	190	190	130	140	100	120	180	160	130	100	180	150	130	130	120	120	120	110	120	170	130	120	130	140	150	170	170	170	150	190	170	130	160	170	150	100	160	180	130	170	150	170	110	150	180	110	170	130	100	170	130	110	160	160	180	100	180	140	150	0	180	190	190	130	120	190	110	120	180	130	130
170	100	100	120	110	150	100	140	130	140	120	160	170	120	130	150	130	150	110	180	130	110	100	110	170	110	110	120	130	130	150	170	100	190	180	120	140	170	140	160	120	190	150	150	170	140	160	150	160	170	140	170	110	130	130	140	150	120	170	190	180	160	160	120	140	180	180	100	120	130	180	100	170	160	190	150	130	150	150	130	130	110	110	100	110	190	190	150	180	0	160	140	100	140	110	110	120	100	190	150
150	150	170	180	160	190	150	140	170	170	120	130	160	120	180	100	130	120	100	140	130	160	150	180	190	160	130	150	140	180	130	180	190	190	100	180	170	190	190	170	140	160	150	150	110	160	130	190	130	160	120	100	100	140	130	100	140	190	120	130	170	180	160	150	130	160	130	110	160	160	150	140	180	120	130	190	100	150	110	170	140	160	130	150	180	110	120	130	190	160	0	150	130	160	120	190	110	180	190	100
140	110	100	130	120	190	120	170	130	180	150	160	100	140	130	110	100	130	180	150	140	100	130	120	180	140	150	140	150	120	160	130	180	170	110	120	100	150	110	160	120	140	160	180	110	110	160	150	180	130	160	150	150	100	180	190	120	130	170	170	100	140	190	100	130	140	170	120	120	180	100	160	150	190	190	110	100	190	110	170	140	180	190	170	190	170	130	140	190	140	150	0	100	150	110	160	180	110	140	140
180	160	150	100	150	160	160	120	100	100	120	190	170	120	180	120	110	170	170	120	170	100	100	100	150	140	160	100	100	150	140	170	160	100	110	180	120	190	160	140	110	170	160	110	190	140	180	120	190	180	130	120	140	190	110	190	120	140	150	190	170	110	110	160	110	170	110	170	160	150	100	160	190	170	180	180	190	130	130	190	110	160	180	170	140	110	190	130	130	100	130	100	0	100	140	140	190	140	170	130
160	190	130	120	130	140	170	110	190	150	100	180	180	120	100	130	170	110	190	150	160	160	140	110	180	190	100	130	180	190	100	130	100	130	100	140	150	190	140	120	120	140	180	100	190	170	160	180	160	130	110	100	160	110	180	190	150	110	140	120	170	130	150	190	160	150	100	140	120	190	140	180	130	170	120	180	100	100	180	100	150	150	190	190	100	190	130	130	120	140	160	150	100	0	170	130	100	120	130	140
100	190	150	170	120	150	180	160	140	170	120	140	150	150	190	170	120	120	120	150	110	110	180	110	130	180	100	150	140	130	160	180	130	120	130	190	140	100	110	120	190	130	100	170	180	180	140	180	140	110	150	170	120	150	160	140	170	110	180	170	150	160	130	170	180	160	130	130	120	140	150	100	100	120	160	140	130	180	100	190	190	190	110	170	100	150	100	140	190	110	120	110	140	170	0	140	130	160	150	190
160	140	140	190	150	140	140	170	110	100	120	130	120	190	160	180	110	140	160	120	160	110	110	110	120	130	110	180	160	130	120	170	150	190	130	140	160	150	130	190	170	130	180	110	100	150	150	190	170	150	120	110	120	170	160	140	150	150	190	120	100	160	140	100	120	120	110	160	180	140	110	140	150	180	100	160	110	130	120	110	160	120	120	100	170	190	110	130	110	110	190	160	140	130	140	0	150	100	130	180
140	180	150	180	110	180	150	140	140	180	170	130	130	180	190	120	110	140	100	180	180	120	180	180	100	180	160	160	110	100	160	150	140	150	120	190	170	190	130	140	120	170	100	110	150	190	170	160	180	150	100	160	120	150	120	180	160	150	110	110	150	170	140	110	170	160	120	120	110	170	160	110	150	130	130	180	160	150	140	130	160	100	180	190	140	120	130	180	120	120	110	180	190	100	130	150	0	180	120	180
110	180	140	110	130	100	190	190	160	110	150	120	140	160	120	170	160	120	130	110	110	130	140	180	100	150	180	170	190	150	110	110	110	100	110	130	170	170	140	160	180	170	110	190	130	170	160	190	100	110	140	140	180	190	180	100	130	120	140	150	140	190	140	150	100	180	140	110	110	130	110	110	130	140	100	120	110	170	110	160	110	180	130	190	190	150	100	140	180	100	180	110	140	120	160	100	180	0	190	150
150	170	160	100	150	180	170	140	180	120	160	100	190	150	130	180	190	100	110	150	140	150	180	120	110	110	180	160	120	140	100	100	130	190	180	140	150	120	100	160	190	180	100	180	190	170	160	170	140	120	160	120	140	140	170	120	100	150	110	180	140	100	120	160	150	190	180	110	120	160	160	130	180	180	190	150	100	160	180	130	190	100	140	110	110	190	170	130	130	190	190	140	170	130	150	130	120	190	0	120
100	130	130	150	160	130	130	150	130	110	160	100	170	160	190	190	170	110	100	160	110	140	190	150	190	160	170	160	110	160	140	160	160	180	130	130	110	140	150	140	160	160	150	120	140	190	190	180	100	110	150	120	110	100	160	130	180	170	140	160	110	130	110	130	160	110	160	120	150	120	180	190	130	150	170	100	180	110	180	190	130	140	130	140	130	160	150	140	130	150	100	140	130	140	190	180	180	150	120	0
